Results of loop 0:
[0, 1, 0, 1, 1]
[0, 0, 0, 0, 0]
[[0.304363489151001, 0.005294725298881531], [0.30020979046821594, 0.006637509912252426], [0.3041689097881317, 0.005396716296672821], [0.30342572927474976, 0.005653597414493561], [0.302572101354599, 0.005859628319740295]]
Results of loop 1:
[0, 1, 1, 0, 0]
[0, 0, 0, 0, 0]
[[0.11148080974817276, 0.05809750780463219], [0.1111506000161171, 0.05782308802008629], [0.11464197188615799, 0.0579376257956028], [0.11176744848489761, 0.05801127478480339], [0.11302180588245392, 0.057890359312295914]]
Results of loop 0:
[0, 1, 0, 0, 1]
[1, 1, 1, 1, 1]
[[-0.20117343962192535, 0.13144482672214508], [-0.20047052204608917, 0.13107331097126007], [-0.2013729214668274, 0.13229165971279144], [-0.20085979998111725, 0.13167640566825867], [-0.20551705360412598, 0.1367603987455368]]
Results of loop 1:
[1, 0, 0, 0, 1]
[1, 1, 1, 1, 1]
[[-0.17773590981960297, 0.11244557797908783], [-0.17698505520820618, 0.11173716932535172], [-0.17659991979599, 0.11081328243017197], [-0.17513443529605865, 0.10900186747312546], [-0.18751327693462372, 0.12591052055358887]]
Results of loop 0:
[1, 0, 1, 1, 0]
[0, 0, 0, 0, 0]
[[-0.05121228098869324, -0.18269431591033936], [-0.05350792407989502, -0.1822839379310608], [-0.0530063658952713, -0.18240009248256683], [-0.05177566409111023, -0.18314482271671295], [-0.05536144971847534, -0.18199095129966736]]
Results of loop 1:
[1, 1, 1, 0, 0]
[0, 0, 0, 0, 0]
[[0.07199521362781525, -0.23661088943481445], [0.07332032918930054, -0.23575107753276825], [0.06806683540344238, -0.23519672453403473], [0.07214745879173279, -0.23572418093681335], [0.07123687863349915, -0.235541433095932]]
Results of loop 0:
[0, 0, 0, 1, 1]
[0, 0, 0, 0, 0]
[[-0.12043832242488861, -0.16097545623779297], [-0.11985892802476883, -0.16103006899356842], [-0.12047340720891953, -0.16080941259860992], [-0.12368247658014297, -0.16051343083381653], [-0.12554964423179626, -0.15981993079185486]]
Results of loop 1:
[1, 0, 0, 1, 0]
[1, 1, 1, 1, 1]
[[-0.25051501393318176, -0.08887366950511932], [-0.24940747022628784, -0.08894741535186768], [-0.2494276762008667, -0.08897393196821213], [-0.25748410820961, -0.08650858700275421], [-0.2507303059101105, -0.08875443786382675]]
Results of loop 0:
[0, 1, 1, 0, 0]
[1, 1, 1, 1, 1]
[[-0.2992398738861084, -0.032787129282951355], [-0.30754905939102173, -0.02956177294254303], [-0.30144965648651123, -0.03206413984298706], [-0.2994113564491272, -0.032741136848926544], [-0.29947561025619507, -0.032806396484375]]
Results of loop 1:
[0, 1, 0, 0, 0]
[1, 1, 1, 1, 1]
[[-0.38214462995529175, 0.05885749310255051], [-0.387247234582901, 0.061943210661411285], [-0.38156819343566895, 0.0581434890627861], [-0.3829540014266968, 0.05930114537477493], [-0.3836400508880615, 0.059577055275440216]]
Results of loop 0:
[0, 1, 1, 0, 1]
[1, 1, 1, 1, 1]
[[-0.21171574294567108, -0.07771432399749756], [-0.21403111517429352, -0.07665996253490448], [-0.2135303020477295, -0.07682028412818909], [-0.21024300158023834, -0.07850486040115356], [-0.2294551432132721, -0.06783920526504517]]
Results of loop 1:
[0, 0, 0, 1, 1]
[1, 1, 1, 1, 1]
[[-0.3151482939720154, -0.0011447519063949585], [-0.316231906414032, -0.0005919262766838074], [-0.3184962570667267, 0.000728309154510498], [-0.3296237289905548, 0.0073833167552948], [-0.3376982510089874, 0.012783288955688477]]
